(kicad_pcb (version 20171130) (host pcbnew "(5.1.5)-3")

  (general
    (thickness 0.8)
    (drawings 21)
    (tracks 245)
    (zones 0)
    (modules 25)
    (nets 20)
  )

  (page A4)
  (title_block
    (title "LEGO HUB rechargable battery")
    (date 2020-01-16)
    (rev v1.0.7)
  )

  (layers
    (0 F.Cu signal)
    (31 B.Cu signal)
    (32 B.Adhes user)
    (33 F.Adhes user)
    (34 B.Paste user)
    (35 F.Paste user)
    (36 B.SilkS user)
    (37 F.SilkS user)
    (38 B.Mask user)
    (39 F.Mask user)
    (40 Dwgs.User user)
    (41 Cmts.User user)
    (42 Eco1.User user)
    (43 Eco2.User user)
    (44 Edge.Cuts user)
    (45 Margin user)
    (46 B.CrtYd user)
    (47 F.CrtYd user)
    (48 B.Fab user)
    (49 F.Fab user)
  )

  (setup
    (last_trace_width 0.1524)
    (user_trace_width 0.154)
    (user_trace_width 0.154)
    (user_trace_width 0.2)
    (user_trace_width 0.5)
    (user_trace_width 1)
    (user_trace_width 2)
    (trace_clearance 0.13)
    (zone_clearance 0.508)
    (zone_45_only no)
    (trace_min 0.1524)
    (via_size 0.6)
    (via_drill 0.25)
    (via_min_size 0.6)
    (via_min_drill 0.25)
    (user_via 0.6 0.25)
    (user_via 0.8 0.4)
    (uvia_size 0.3)
    (uvia_drill 0.1)
    (uvias_allowed no)
    (uvia_min_size 0.2)
    (uvia_min_drill 0.1)
    (edge_width 0.05)
    (segment_width 0.2)
    (pcb_text_width 0.3)
    (pcb_text_size 1.5 1.5)
    (mod_edge_width 0.12)
    (mod_text_size 1 1)
    (mod_text_width 0.15)
    (pad_size 1.524 1.524)
    (pad_drill 0.762)
    (pad_to_mask_clearance 0.051)
    (solder_mask_min_width 0.25)
    (aux_axis_origin 0 0)
    (visible_elements 7FFFFFFF)
    (pcbplotparams
      (layerselection 0x010fc_ffffffff)
      (usegerberextensions false)
      (usegerberattributes false)
      (usegerberadvancedattributes false)
      (creategerberjobfile false)
      (excludeedgelayer true)
      (linewidth 0.100000)
      (plotframeref false)
      (viasonmask false)
      (mode 1)
      (useauxorigin false)
      (hpglpennumber 1)
      (hpglpenspeed 20)
      (hpglpendiameter 15.000000)
      (psnegative false)
      (psa4output false)
      (plotreference true)
      (plotvalue true)
      (plotinvisibletext false)
      (padsonsilk false)
      (subtractmaskfromsilk false)
      (outputformat 1)
      (mirror false)
      (drillshape 1)
      (scaleselection 1)
      (outputdirectory ""))
  )

  (net 0 "")
  (net 1 GND)
  (net 2 /VBUS)
  (net 3 /Vregn)
  (net 4 /PMID)
  (net 5 /BATT+)
  (net 6 /SW)
  (net 7 "Net-(C6-Pad2)")
  (net 8 /OUT+)
  (net 9 "Net-(D1-Pad2)")
  (net 10 /STAT)
  (net 11 /~PG)
  (net 12 "Net-(D2-Pad2)")
  (net 13 /D-)
  (net 14 "Net-(IC1-Pad6)")
  (net 15 /TS)
  (net 16 /ILIM)
  (net 17 /ICHGSET)
  (net 18 /D+)
  (net 19 "Net-(J1-Pad4)")

  (net_class Default "This is the default net class."
    (clearance 0.13)
    (trace_width 0.1524)
    (via_dia 0.6)
    (via_drill 0.25)
    (uvia_dia 0.3)
    (uvia_drill 0.1)
    (add_net /BATT+)
    (add_net /D+)
    (add_net /D-)
    (add_net /ICHGSET)
    (add_net /ILIM)
    (add_net /OUT+)
    (add_net /PMID)
    (add_net /STAT)
    (add_net /SW)
    (add_net /TS)
    (add_net /VBUS)
    (add_net /Vregn)
    (add_net /~PG)
    (add_net GND)
    (add_net "Net-(C6-Pad2)")
    (add_net "Net-(D1-Pad2)")
    (add_net "Net-(D2-Pad2)")
    (add_net "Net-(IC1-Pad6)")
    (add_net "Net-(J1-Pad4)")
  )

  (module QFN50P400X400X100-25N (layer F.Cu) (tedit 0) (tstamp 5E03F418)
    (at 108.99 84.35)
    (descr rge0024h)
    (tags "Integrated Circuit")
    (path /5E03B147)
    (attr smd)
    (fp_text reference IC1 (at 1.46 3.35) (layer F.SilkS)
      (effects (font (size 1 1) (thickness 0.1)))
    )
    (fp_text value BQ25886RGER (at 0.54 -6.35) (layer F.SilkS) hide
      (effects (font (size 1 1) (thickness 0.1)))
    )
    (fp_text user %R (at 0 0) (layer F.Fab)
      (effects (font (size 1.27 1.27) (thickness 0.254)))
    )
    (fp_line (start -2.625 -2.625) (end 2.625 -2.625) (layer F.CrtYd) (width 0.05))
    (fp_line (start 2.625 -2.625) (end 2.625 2.625) (layer F.CrtYd) (width 0.05))
    (fp_line (start 2.625 2.625) (end -2.625 2.625) (layer F.CrtYd) (width 0.05))
    (fp_line (start -2.625 2.625) (end -2.625 -2.625) (layer F.CrtYd) (width 0.05))
    (fp_line (start -2 -2) (end 2 -2) (layer F.Fab) (width 0.1))
    (fp_line (start 2 -2) (end 2 2) (layer F.Fab) (width 0.1))
    (fp_line (start 2 2) (end -2 2) (layer F.Fab) (width 0.1))
    (fp_line (start -2 2) (end -2 -2) (layer F.Fab) (width 0.1))
    (fp_line (start -2 -1.5) (end -1.5 -2) (layer F.Fab) (width 0.1))
    (fp_circle (center -2.4 -2) (end -2.4 -1.875) (layer F.SilkS) (width 0.25))
    (pad 1 smd rect (at -2 -1.25 90) (size 0.3 0.8) (layers F.Cu F.Paste F.Mask)
      (net 13 /D-))
    (pad 2 smd rect (at -2 -0.75 90) (size 0.3 0.8) (layers F.Cu F.Paste F.Mask)
      (net 10 /STAT))
    (pad 3 smd rect (at -2 -0.25 90) (size 0.3 0.8) (layers F.Cu F.Paste F.Mask)
      (net 1 GND))
    (pad 4 smd rect (at -2 0.25 90) (size 0.3 0.8) (layers F.Cu F.Paste F.Mask)
      (net 1 GND))
    (pad 5 smd rect (at -2 0.75 90) (size 0.3 0.8) (layers F.Cu F.Paste F.Mask)
      (net 1 GND))
    (pad 6 smd rect (at -2 1.25 90) (size 0.3 0.8) (layers F.Cu F.Paste F.Mask)
      (net 14 "Net-(IC1-Pad6)"))
    (pad 7 smd rect (at -1.25 2) (size 0.3 0.8) (layers F.Cu F.Paste F.Mask)
      (net 15 /TS))
    (pad 8 smd rect (at -0.75 2) (size 0.3 0.8) (layers F.Cu F.Paste F.Mask)
      (net 16 /ILIM))
    (pad 9 smd rect (at -0.25 2) (size 0.3 0.8) (layers F.Cu F.Paste F.Mask)
      (net 11 /~PG))
    (pad 10 smd rect (at 0.25 2) (size 0.3 0.8) (layers F.Cu F.Paste F.Mask)
      (net 17 /ICHGSET))
    (pad 11 smd rect (at 0.75 2) (size 0.3 0.8) (layers F.Cu F.Paste F.Mask)
      (net 3 /Vregn))
    (pad 12 smd rect (at 1.25 2) (size 0.3 0.8) (layers F.Cu F.Paste F.Mask)
      (net 7 "Net-(C6-Pad2)"))
    (pad 13 smd rect (at 2 1.25 90) (size 0.3 0.8) (layers F.Cu F.Paste F.Mask)
      (net 5 /BATT+))
    (pad 14 smd rect (at 2 0.75 90) (size 0.3 0.8) (layers F.Cu F.Paste F.Mask)
      (net 5 /BATT+))
    (pad 15 smd rect (at 2 0.25 90) (size 0.3 0.8) (layers F.Cu F.Paste F.Mask)
      (net 8 /OUT+))
    (pad 16 smd rect (at 2 -0.25 90) (size 0.3 0.8) (layers F.Cu F.Paste F.Mask)
      (net 8 /OUT+))
    (pad 17 smd rect (at 2 -0.75 90) (size 0.3 0.8) (layers F.Cu F.Paste F.Mask)
      (net 6 /SW))
    (pad 18 smd rect (at 2 -1.25 90) (size 0.3 0.8) (layers F.Cu F.Paste F.Mask)
      (net 6 /SW))
    (pad 19 smd rect (at 1.25 -2) (size 0.3 0.8) (layers F.Cu F.Paste F.Mask)
      (net 1 GND))
    (pad 20 smd rect (at 0.75 -2) (size 0.3 0.8) (layers F.Cu F.Paste F.Mask)
      (net 1 GND))
    (pad 21 smd rect (at 0.25 -2) (size 0.3 0.8) (layers F.Cu F.Paste F.Mask)
      (net 4 /PMID))
    (pad 22 smd rect (at -0.25 -2) (size 0.3 0.8) (layers F.Cu F.Paste F.Mask)
      (net 4 /PMID))
    (pad 23 smd rect (at -0.75 -2) (size 0.3 0.8) (layers F.Cu F.Paste F.Mask)
      (net 2 /VBUS))
    (pad 24 smd rect (at -1.25 -2) (size 0.3 0.8) (layers F.Cu F.Paste F.Mask)
      (net 18 /D+))
    (pad 25 smd rect (at 0 0) (size 2.8 2.8) (layers F.Cu F.Paste F.Mask)
      (net 1 GND))
  )

  (module Resistor_SMD:R_0402_1005Metric (layer F.Cu) (tedit 5B301BBD) (tstamp 5E040457)
    (at 104.22 89.72 180)
    (descr "Resistor SMD 0402 (1005 Metric), square (rectangular) end terminal, IPC_7351 nominal, (Body size source: http://www.tortai-tech.com/upload/download/2011102023233369053.pdf), generated with kicad-footprint-generator")
    (tags resistor)
    (path /5E0D154E)
    (attr smd)
    (fp_text reference R7 (at 1.91 -0.25) (layer F.SilkS)
      (effects (font (size 1 1) (thickness 0.1)))
    )
    (fp_text value 1k5 (at 1.9 -0.07) (layer F.Fab)
      (effects (font (size 0.5 0.5) (thickness 0.05)))
    )
    (fp_text user %R (at 0 0) (layer F.Fab)
      (effects (font (size 0.25 0.25) (thickness 0.04)))
    )
    (fp_line (start 0.93 0.47) (end -0.93 0.47) (layer F.CrtYd) (width 0.05))
    (fp_line (start 0.93 -0.47) (end 0.93 0.47) (layer F.CrtYd) (width 0.05))
    (fp_line (start -0.93 -0.47) (end 0.93 -0.47) (layer F.CrtYd) (width 0.05))
    (fp_line (start -0.93 0.47) (end -0.93 -0.47) (layer F.CrtYd) (width 0.05))
    (fp_line (start 0.5 0.25) (end -0.5 0.25) (layer F.Fab) (width 0.1))
    (fp_line (start 0.5 -0.25) (end 0.5 0.25) (layer F.Fab) (width 0.1))
    (fp_line (start -0.5 -0.25) (end 0.5 -0.25) (layer F.Fab) (width 0.1))
    (fp_line (start -0.5 0.25) (end -0.5 -0.25) (layer F.Fab) (width 0.1))
    (pad 2 smd roundrect (at 0.485 0 180) (size 0.59 0.64) (layers F.Cu F.Paste F.Mask) (roundrect_rratio 0.25)
      (net 1 GND))
    (pad 1 smd roundrect (at -0.485 0 180) (size 0.59 0.64) (layers F.Cu F.Paste F.Mask) (roundrect_rratio 0.25)
      (net 17 /ICHGSET))
    (model ${KISYS3DMOD}/Resistor_SMD.3dshapes/R_0402_1005Metric.wrl
      (at (xyz 0 0 0))
      (scale (xyz 1 1 1))
      (rotate (xyz 0 0 0))
    )
  )

  (module Resistor_SMD:R_0402_1005Metric (layer F.Cu) (tedit 5B301BBD) (tstamp 5E040446)
    (at 104.21 88.37 180)
    (descr "Resistor SMD 0402 (1005 Metric), square (rectangular) end terminal, IPC_7351 nominal, (Body size source: http://www.tortai-tech.com/upload/download/2011102023233369053.pdf), generated with kicad-footprint-generator")
    (tags resistor)
    (path /5E0D1188)
    (attr smd)
    (fp_text reference R6 (at 1.88 0.03) (layer F.SilkS)
      (effects (font (size 1 1) (thickness 0.1)))
    )
    (fp_text value 2k2 (at 1.9 0.03) (layer F.Fab)
      (effects (font (size 0.5 0.5) (thickness 0.05)))
    )
    (fp_text user %R (at 0 0) (layer F.Fab)
      (effects (font (size 0.25 0.25) (thickness 0.04)))
    )
    (fp_line (start 0.93 0.47) (end -0.93 0.47) (layer F.CrtYd) (width 0.05))
    (fp_line (start 0.93 -0.47) (end 0.93 0.47) (layer F.CrtYd) (width 0.05))
    (fp_line (start -0.93 -0.47) (end 0.93 -0.47) (layer F.CrtYd) (width 0.05))
    (fp_line (start -0.93 0.47) (end -0.93 -0.47) (layer F.CrtYd) (width 0.05))
    (fp_line (start 0.5 0.25) (end -0.5 0.25) (layer F.Fab) (width 0.1))
    (fp_line (start 0.5 -0.25) (end 0.5 0.25) (layer F.Fab) (width 0.1))
    (fp_line (start -0.5 -0.25) (end 0.5 -0.25) (layer F.Fab) (width 0.1))
    (fp_line (start -0.5 0.25) (end -0.5 -0.25) (layer F.Fab) (width 0.1))
    (pad 2 smd roundrect (at 0.485 0 180) (size 0.59 0.64) (layers F.Cu F.Paste F.Mask) (roundrect_rratio 0.25)
      (net 1 GND))
    (pad 1 smd roundrect (at -0.485 0 180) (size 0.59 0.64) (layers F.Cu F.Paste F.Mask) (roundrect_rratio 0.25)
      (net 16 /ILIM))
    (model ${KISYS3DMOD}/Resistor_SMD.3dshapes/R_0402_1005Metric.wrl
      (at (xyz 0 0 0))
      (scale (xyz 1 1 1))
      (rotate (xyz 0 0 0))
    )
  )

  (module Resistor_SMD:R_0402_1005Metric (layer F.Cu) (tedit 5B301BBD) (tstamp 5E040435)
    (at 105.86 86 90)
    (descr "Resistor SMD 0402 (1005 Metric), square (rectangular) end terminal, IPC_7351 nominal, (Body size source: http://www.tortai-tech.com/upload/download/2011102023233369053.pdf), generated with kicad-footprint-generator")
    (tags resistor)
    (path /5E0782D3)
    (attr smd)
    (fp_text reference R5 (at -3.27 1 90) (layer F.SilkS)
      (effects (font (size 1 1) (thickness 0.1)))
    )
    (fp_text value 330k (at -3.26 0.98 90) (layer F.Fab)
      (effects (font (size 0.5 0.5) (thickness 0.05)))
    )
    (fp_text user %R (at 0 0 90) (layer F.Fab)
      (effects (font (size 0.25 0.25) (thickness 0.04)))
    )
    (fp_line (start 0.93 0.47) (end -0.93 0.47) (layer F.CrtYd) (width 0.05))
    (fp_line (start 0.93 -0.47) (end 0.93 0.47) (layer F.CrtYd) (width 0.05))
    (fp_line (start -0.93 -0.47) (end 0.93 -0.47) (layer F.CrtYd) (width 0.05))
    (fp_line (start -0.93 0.47) (end -0.93 -0.47) (layer F.CrtYd) (width 0.05))
    (fp_line (start 0.5 0.25) (end -0.5 0.25) (layer F.Fab) (width 0.1))
    (fp_line (start 0.5 -0.25) (end 0.5 0.25) (layer F.Fab) (width 0.1))
    (fp_line (start -0.5 -0.25) (end 0.5 -0.25) (layer F.Fab) (width 0.1))
    (fp_line (start -0.5 0.25) (end -0.5 -0.25) (layer F.Fab) (width 0.1))
    (pad 2 smd roundrect (at 0.485 0 90) (size 0.59 0.64) (layers F.Cu F.Paste F.Mask) (roundrect_rratio 0.25)
      (net 1 GND))
    (pad 1 smd roundrect (at -0.485 0 90) (size 0.59 0.64) (layers F.Cu F.Paste F.Mask) (roundrect_rratio 0.25)
      (net 14 "Net-(IC1-Pad6)"))
    (model ${KISYS3DMOD}/Resistor_SMD.3dshapes/R_0402_1005Metric.wrl
      (at (xyz 0 0 0))
      (scale (xyz 1 1 1))
      (rotate (xyz 0 0 0))
    )
  )

  (module Resistor_SMD:R_0402_1005Metric (layer F.Cu) (tedit 5B301BBD) (tstamp 5E040424)
    (at 105.13 83.48)
    (descr "Resistor SMD 0402 (1005 Metric), square (rectangular) end terminal, IPC_7351 nominal, (Body size source: http://www.tortai-tech.com/upload/download/2011102023233369053.pdf), generated with kicad-footprint-generator")
    (tags resistor)
    (path /5E09CE98)
    (attr smd)
    (fp_text reference R4 (at -0.08 -1.07) (layer F.SilkS)
      (effects (font (size 1 1) (thickness 0.1)))
    )
    (fp_text value 30k1 (at 0.06 -0.75) (layer F.Fab)
      (effects (font (size 0.5 0.5) (thickness 0.05)))
    )
    (fp_text user %R (at 0 0) (layer F.Fab)
      (effects (font (size 0.25 0.25) (thickness 0.04)))
    )
    (fp_line (start 0.93 0.47) (end -0.93 0.47) (layer F.CrtYd) (width 0.05))
    (fp_line (start 0.93 -0.47) (end 0.93 0.47) (layer F.CrtYd) (width 0.05))
    (fp_line (start -0.93 -0.47) (end 0.93 -0.47) (layer F.CrtYd) (width 0.05))
    (fp_line (start -0.93 0.47) (end -0.93 -0.47) (layer F.CrtYd) (width 0.05))
    (fp_line (start 0.5 0.25) (end -0.5 0.25) (layer F.Fab) (width 0.1))
    (fp_line (start 0.5 -0.25) (end 0.5 0.25) (layer F.Fab) (width 0.1))
    (fp_line (start -0.5 -0.25) (end 0.5 -0.25) (layer F.Fab) (width 0.1))
    (fp_line (start -0.5 0.25) (end -0.5 -0.25) (layer F.Fab) (width 0.1))
    (pad 2 smd roundrect (at 0.485 0) (size 0.59 0.64) (layers F.Cu F.Paste F.Mask) (roundrect_rratio 0.25)
      (net 1 GND))
    (pad 1 smd roundrect (at -0.485 0) (size 0.59 0.64) (layers F.Cu F.Paste F.Mask) (roundrect_rratio 0.25)
      (net 15 /TS))
    (model ${KISYS3DMOD}/Resistor_SMD.3dshapes/R_0402_1005Metric.wrl
      (at (xyz 0 0 0))
      (scale (xyz 1 1 1))
      (rotate (xyz 0 0 0))
    )
  )

  (module Resistor_SMD:R_0402_1005Metric (layer F.Cu) (tedit 5B301BBD) (tstamp 5E067AC6)
    (at 102.91 84.55 180)
    (descr "Resistor SMD 0402 (1005 Metric), square (rectangular) end terminal, IPC_7351 nominal, (Body size source: http://www.tortai-tech.com/upload/download/2011102023233369053.pdf), generated with kicad-footprint-generator")
    (tags resistor)
    (path /5E091E21)
    (attr smd)
    (fp_text reference R3 (at 1.95 0.08) (layer F.SilkS)
      (effects (font (size 1 1) (thickness 0.1)))
    )
    (fp_text value 5k23 (at 1.88 -0.02) (layer F.Fab)
      (effects (font (size 0.5 0.5) (thickness 0.05)))
    )
    (fp_text user %R (at 0.01 0) (layer F.Fab)
      (effects (font (size 0.25 0.25) (thickness 0.04)))
    )
    (fp_line (start 0.93 0.47) (end -0.93 0.47) (layer F.CrtYd) (width 0.05))
    (fp_line (start 0.93 -0.47) (end 0.93 0.47) (layer F.CrtYd) (width 0.05))
    (fp_line (start -0.93 -0.47) (end 0.93 -0.47) (layer F.CrtYd) (width 0.05))
    (fp_line (start -0.93 0.47) (end -0.93 -0.47) (layer F.CrtYd) (width 0.05))
    (fp_line (start 0.5 0.25) (end -0.5 0.25) (layer F.Fab) (width 0.1))
    (fp_line (start 0.5 -0.25) (end 0.5 0.25) (layer F.Fab) (width 0.1))
    (fp_line (start -0.5 -0.25) (end 0.5 -0.25) (layer F.Fab) (width 0.1))
    (fp_line (start -0.5 0.25) (end -0.5 -0.25) (layer F.Fab) (width 0.1))
    (pad 2 smd roundrect (at 0.485 0 180) (size 0.59 0.64) (layers F.Cu F.Paste F.Mask) (roundrect_rratio 0.25)
      (net 15 /TS))
    (pad 1 smd roundrect (at -0.485 0 180) (size 0.59 0.64) (layers F.Cu F.Paste F.Mask) (roundrect_rratio 0.25)
      (net 3 /Vregn))
    (model ${KISYS3DMOD}/Resistor_SMD.3dshapes/R_0402_1005Metric.wrl
      (at (xyz 0 0 0))
      (scale (xyz 1 1 1))
      (rotate (xyz 0 0 0))
    )
  )

  (module Resistor_SMD:R_0402_1005Metric (layer F.Cu) (tedit 5B301BBD) (tstamp 5E04324E)
    (at 102.91 85.54 180)
    (descr "Resistor SMD 0402 (1005 Metric), square (rectangular) end terminal, IPC_7351 nominal, (Body size source: http://www.tortai-tech.com/upload/download/2011102023233369053.pdf), generated with kicad-footprint-generator")
    (tags resistor)
    (path /5E0F6B97)
    (attr smd)
    (fp_text reference R2 (at 1.94 -0.04) (layer F.SilkS)
      (effects (font (size 1 1) (thickness 0.1)))
    )
    (fp_text value 560 (at 1.91 -0.05) (layer F.Fab)
      (effects (font (size 0.5 0.5) (thickness 0.05)))
    )
    (fp_text user %R (at 0 0) (layer F.Fab)
      (effects (font (size 0.25 0.25) (thickness 0.04)))
    )
    (fp_line (start 0.93 0.47) (end -0.93 0.47) (layer F.CrtYd) (width 0.05))
    (fp_line (start 0.93 -0.47) (end 0.93 0.47) (layer F.CrtYd) (width 0.05))
    (fp_line (start -0.93 -0.47) (end 0.93 -0.47) (layer F.CrtYd) (width 0.05))
    (fp_line (start -0.93 0.47) (end -0.93 -0.47) (layer F.CrtYd) (width 0.05))
    (fp_line (start 0.5 0.25) (end -0.5 0.25) (layer F.Fab) (width 0.1))
    (fp_line (start 0.5 -0.25) (end 0.5 0.25) (layer F.Fab) (width 0.1))
    (fp_line (start -0.5 -0.25) (end 0.5 -0.25) (layer F.Fab) (width 0.1))
    (fp_line (start -0.5 0.25) (end -0.5 -0.25) (layer F.Fab) (width 0.1))
    (pad 2 smd roundrect (at 0.485 0 180) (size 0.59 0.64) (layers F.Cu F.Paste F.Mask) (roundrect_rratio 0.25)
      (net 12 "Net-(D2-Pad2)"))
    (pad 1 smd roundrect (at -0.485 0 180) (size 0.59 0.64) (layers F.Cu F.Paste F.Mask) (roundrect_rratio 0.25)
      (net 3 /Vregn))
    (model ${KISYS3DMOD}/Resistor_SMD.3dshapes/R_0402_1005Metric.wrl
      (at (xyz 0 0 0))
      (scale (xyz 1 1 1))
      (rotate (xyz 0 0 0))
    )
  )

  (module Resistor_SMD:R_0402_1005Metric (layer F.Cu) (tedit 5B301BBD) (tstamp 5E0403F1)
    (at 102.91 86.52 180)
    (descr "Resistor SMD 0402 (1005 Metric), square (rectangular) end terminal, IPC_7351 nominal, (Body size source: http://www.tortai-tech.com/upload/download/2011102023233369053.pdf), generated with kicad-footprint-generator")
    (tags resistor)
    (path /5E0F6776)
    (attr smd)
    (fp_text reference R1 (at 1.94 -0.15) (layer F.SilkS)
      (effects (font (size 1 1) (thickness 0.1)))
    )
    (fp_text value 680 (at 1.89 -0.09) (layer F.Fab)
      (effects (font (size 0.5 0.5) (thickness 0.05)))
    )
    (fp_text user %R (at -0.06 0) (layer F.Fab)
      (effects (font (size 0.25 0.25) (thickness 0.04)))
    )
    (fp_line (start 0.93 0.47) (end -0.93 0.47) (layer F.CrtYd) (width 0.05))
    (fp_line (start 0.93 -0.47) (end 0.93 0.47) (layer F.CrtYd) (width 0.05))
    (fp_line (start -0.93 -0.47) (end 0.93 -0.47) (layer F.CrtYd) (width 0.05))
    (fp_line (start -0.93 0.47) (end -0.93 -0.47) (layer F.CrtYd) (width 0.05))
    (fp_line (start 0.5 0.25) (end -0.5 0.25) (layer F.Fab) (width 0.1))
    (fp_line (start 0.5 -0.25) (end 0.5 0.25) (layer F.Fab) (width 0.1))
    (fp_line (start -0.5 -0.25) (end 0.5 -0.25) (layer F.Fab) (width 0.1))
    (fp_line (start -0.5 0.25) (end -0.5 -0.25) (layer F.Fab) (width 0.1))
    (pad 2 smd roundrect (at 0.485 0 180) (size 0.59 0.64) (layers F.Cu F.Paste F.Mask) (roundrect_rratio 0.25)
      (net 9 "Net-(D1-Pad2)"))
    (pad 1 smd roundrect (at -0.485 0 180) (size 0.59 0.64) (layers F.Cu F.Paste F.Mask) (roundrect_rratio 0.25)
      (net 3 /Vregn))
    (model ${KISYS3DMOD}/Resistor_SMD.3dshapes/R_0402_1005Metric.wrl
      (at (xyz 0 0 0))
      (scale (xyz 1 1 1))
      (rotate (xyz 0 0 0))
    )
  )

  (module charger:LEGO_HUB_BOARD locked (layer F.Cu) (tedit 5E03F440) (tstamp 5E20EB27)
    (at 122.1 85.4)
    (fp_text reference REF** (at -2.3 18.39) (layer F.SilkS) hide
      (effects (font (size 1 1) (thickness 0.1)))
    )
    (fp_text value LEGO_HUB_BOARD (at -4.15 19.86) (layer F.Fab) hide
      (effects (font (size 1 1) (thickness 0.1)))
    )
    (fp_text user - (at -7.2 5.16) (layer Eco1.User)
      (effects (font (size 1 1) (thickness 0.15)))
    )
    (fp_poly (pts (xy -5.1 17.35) (xy -9.1 17.35) (xy -9.1 5.8) (xy -5.1 5.8)) (layer Eco1.User) (width 0.1))
    (fp_text user + (at -14.38 10.93) (layer Eco1.User)
      (effects (font (size 1 1) (thickness 0.15)))
    )
    (fp_poly (pts (xy -12.37 19.36) (xy -16.2 19.36) (xy -16.2 11.6) (xy -12.37 11.6)) (layer Eco1.User) (width 0.1))
    (fp_line (start -8.35 8.68) (end -7.6 8.68) (layer Eco2.User) (width 0.12))
    (fp_line (start -8.35 8.68) (end -8.35 7.93) (layer Eco2.User) (width 0.12))
    (fp_line (start -8.35 8.68) (end -9.1 8.68) (layer Eco2.User) (width 0.12))
    (fp_line (start -8.35 8.68) (end -8.35 9.43) (layer Eco2.User) (width 0.12))
    (fp_line (start -21.05 8.68) (end -20.3 8.68) (layer Eco2.User) (width 0.12))
    (fp_line (start -21.05 8.68) (end -21.05 7.93) (layer Eco2.User) (width 0.12))
    (fp_line (start -21.05 8.68) (end -21.8 8.68) (layer Eco2.User) (width 0.12))
    (fp_line (start -21.05 8.68) (end -21.05 9.43) (layer Eco2.User) (width 0.12))
    (fp_text user "9V batt" (at -4.69 16.03 unlocked) (layer Eco2.User)
      (effects (font (size 1 1) (thickness 0.1)))
    )
    (fp_line (start -1.45 17.35) (end -1.45 0) (layer Eco2.User) (width 0.12))
    (fp_line (start -27.95 17.35) (end -1.45 17.35) (layer Eco2.User) (width 0.12))
    (fp_line (start -27.95 0) (end -27.95 17.35) (layer Eco2.User) (width 0.12))
    (fp_line (start -1.45 0) (end -27.95 0) (layer Eco2.User) (width 0.12))
    (fp_line (start -29.4 -6.6) (end -29.4 0) (layer Eco1.User) (width 0.12))
    (fp_line (start 0 -6.6) (end -29.4 -6.6) (layer Eco1.User) (width 0.12))
    (fp_line (start 0 0) (end 0 -6.6) (layer Eco1.User) (width 0.12))
    (fp_line (start -17.4 19.35) (end -12 19.35) (layer Eco1.User) (width 0.12))
    (fp_line (start -10 17.35) (end -12 19.35) (layer Eco1.User) (width 0.12))
    (fp_line (start -19.4 17.35) (end -17.4 19.35) (layer Eco1.User) (width 0.12))
    (fp_line (start 0 17.35) (end -10 17.35) (layer Eco1.User) (width 0.12))
    (fp_line (start 0 0) (end 0 17.35) (layer Eco1.User) (width 0.12))
    (fp_line (start -29.4 17.35) (end -19.4 17.35) (layer Eco1.User) (width 0.12))
    (fp_line (start -29.4 0) (end -29.4 17.35) (layer Eco1.User) (width 0.12))
    (fp_line (start 0 0) (end -29.4 0) (layer Eco1.User) (width 0.12))
  )

  (module 967 locked (layer F.Cu) (tedit 0) (tstamp 5E03F428)
    (at 107.4 94.1)
    (descr 967)
    (tags "Undefined or Miscellaneous")
    (path /5E03AB77)
    (zone_connect 2)
    (fp_text reference U1 (at 11.04 -6.13) (layer F.SilkS)
      (effects (font (size 1 1) (thickness 0.1)))
    )
    (fp_text value 967 (at -0.51401 -0.1366) (layer F.SilkS) hide
      (effects (font (size 1 1) (thickness 0.1)))
    )
    (fp_text user %R (at -0.51401 -0.1366) (layer F.Fab) hide
      (effects (font (size 0.5 0.5) (thickness 0.05)))
    )
    (fp_line (start -8 -6.795) (end 8 -6.795) (layer F.Fab) (width 0.2))
    (fp_line (start -8 6.795) (end 8 6.795) (layer F.Fab) (width 0.2))
    (fp_line (start -8 -6.795) (end 8 -6.795) (layer F.SilkS) (width 0.2))
    (fp_line (start -8 6.795) (end 8 6.795) (layer F.SilkS) (width 0.2))
    (fp_circle (center -6.766 8.027) (end -6.766 8.17034) (layer F.SilkS) (width 0.2))
    (fp_arc (start 5.91309 0) (end 8 -6.795) (angle 145.9) (layer F.Fab) (width 0.2))
    (fp_arc (start -5.91309 0) (end -8 -6.795) (angle -145.9) (layer F.Fab) (width 0.2))
    (fp_arc (start 5.91402 0) (end 8 6.795) (angle -145.9) (layer F.SilkS) (width 0.2))
    (fp_arc (start -5.91403 0) (end -8 -6.795) (angle -145.9) (layer F.SilkS) (width 0.2))
    (pad 1 thru_hole circle (at -6.35 0) (size 3.4 3.4) (drill 2.23) (layers *.Cu *.Mask)
      (net 5 /BATT+) (zone_connect 2))
    (pad 2 thru_hole circle (at 6.35 0) (size 3.4 3.4) (drill 2.23) (layers *.Cu *.Mask)
      (net 1 GND) (zone_connect 2))
    (model "${GITROOT}/libraries/3d/9V Battery.STEP"
      (offset (xyz 0 0 50))
      (scale (xyz 1 1 1))
      (rotate (xyz 90 0 0))
    )
    (model ${GITROOT}/libraries/3d/keystone-PN967.STEP
      (offset (xyz -3.07 -1.23 1.5))
      (scale (xyz 1 1 1))
      (rotate (xyz -90 0 0))
    )
  )

  (module Capacitor_SMD:C_0603_1608Metric (layer F.Cu) (tedit 5B301BBE) (tstamp 5E04032D)
    (at 99.12 86.11 270)
    (descr "Capacitor SMD 0603 (1608 Metric), square (rectangular) end terminal, IPC_7351 nominal, (Body size source: http://www.tortai-tech.com/upload/download/2011102023233369053.pdf), generated with kicad-footprint-generator")
    (tags capacitor)
    (path /5E0514B8)
    (attr smd)
    (fp_text reference C1 (at 2.38 0.99 90) (layer F.SilkS)
      (effects (font (size 1 1) (thickness 0.1)))
    )
    (fp_text value 1u (at 2.17 0.01 90) (layer F.Fab)
      (effects (font (size 0.5 0.5) (thickness 0.05)))
    )
    (fp_text user %R (at 0 0 90) (layer F.Fab)
      (effects (font (size 0.4 0.4) (thickness 0.06)))
    )
    (fp_line (start 1.48 0.73) (end -1.48 0.73) (layer F.CrtYd) (width 0.05))
    (fp_line (start 1.48 -0.73) (end 1.48 0.73) (layer F.CrtYd) (width 0.05))
    (fp_line (start -1.48 -0.73) (end 1.48 -0.73) (layer F.CrtYd) (width 0.05))
    (fp_line (start -1.48 0.73) (end -1.48 -0.73) (layer F.CrtYd) (width 0.05))
    (fp_line (start -0.162779 0.51) (end 0.162779 0.51) (layer F.SilkS) (width 0.12))
    (fp_line (start -0.162779 -0.51) (end 0.162779 -0.51) (layer F.SilkS) (width 0.12))
    (fp_line (start 0.8 0.4) (end -0.8 0.4) (layer F.Fab) (width 0.1))
    (fp_line (start 0.8 -0.4) (end 0.8 0.4) (layer F.Fab) (width 0.1))
    (fp_line (start -0.8 -0.4) (end 0.8 -0.4) (layer F.Fab) (width 0.1))
    (fp_line (start -0.8 0.4) (end -0.8 -0.4) (layer F.Fab) (width 0.1))
    (pad 2 smd roundrect (at 0.7875 0 270) (size 0.875 0.95) (layers F.Cu F.Paste F.Mask) (roundrect_rratio 0.25)
      (net 1 GND))
    (pad 1 smd roundrect (at -0.7875 0 270) (size 0.875 0.95) (layers F.Cu F.Paste F.Mask) (roundrect_rratio 0.25)
      (net 2 /VBUS))
    (model ${KISYS3DMOD}/Capacitor_SMD.3dshapes/C_0603_1608Metric.wrl
      (at (xyz 0 0 0))
      (scale (xyz 1 1 1))
      (rotate (xyz 0 0 0))
    )
  )

  (module Capacitor_SMD:C_0603_1608Metric (layer F.Cu) (tedit 5B301BBE) (tstamp 5E04033E)
    (at 104.63 85.66 90)
    (descr "Capacitor SMD 0603 (1608 Metric), square (rectangular) end terminal, IPC_7351 nominal, (Body size source: http://www.tortai-tech.com/upload/download/2011102023233369053.pdf), generated with kicad-footprint-generator")
    (tags capacitor)
    (path /5E0889ED)
    (attr smd)
    (fp_text reference C2 (at -2.17 1.17 90) (layer F.SilkS)
      (effects (font (size 1 1) (thickness 0.1)))
    )
    (fp_text value 4u7 (at -2.39 1.22 90) (layer F.Fab)
      (effects (font (size 0.5 0.5) (thickness 0.05)))
    )
    (fp_text user %R (at 0 0 90) (layer F.Fab)
      (effects (font (size 0.4 0.4) (thickness 0.06)))
    )
    (fp_line (start 1.48 0.73) (end -1.48 0.73) (layer F.CrtYd) (width 0.05))
    (fp_line (start 1.48 -0.73) (end 1.48 0.73) (layer F.CrtYd) (width 0.05))
    (fp_line (start -1.48 -0.73) (end 1.48 -0.73) (layer F.CrtYd) (width 0.05))
    (fp_line (start -1.48 0.73) (end -1.48 -0.73) (layer F.CrtYd) (width 0.05))
    (fp_line (start -0.162779 0.51) (end 0.162779 0.51) (layer F.SilkS) (width 0.12))
    (fp_line (start -0.162779 -0.51) (end 0.162779 -0.51) (layer F.SilkS) (width 0.12))
    (fp_line (start 0.8 0.4) (end -0.8 0.4) (layer F.Fab) (width 0.1))
    (fp_line (start 0.8 -0.4) (end 0.8 0.4) (layer F.Fab) (width 0.1))
    (fp_line (start -0.8 -0.4) (end 0.8 -0.4) (layer F.Fab) (width 0.1))
    (fp_line (start -0.8 0.4) (end -0.8 -0.4) (layer F.Fab) (width 0.1))
    (pad 2 smd roundrect (at 0.7875 0 90) (size 0.875 0.95) (layers F.Cu F.Paste F.Mask) (roundrect_rratio 0.25)
      (net 1 GND))
    (pad 1 smd roundrect (at -0.7875 0 90) (size 0.875 0.95) (layers F.Cu F.Paste F.Mask) (roundrect_rratio 0.25)
      (net 3 /Vregn))
    (model ${KISYS3DMOD}/Capacitor_SMD.3dshapes/C_0603_1608Metric.wrl
      (at (xyz 0 0 0))
      (scale (xyz 1 1 1))
      (rotate (xyz 0 0 0))
    )
  )

  (module Capacitor_SMD:C_0603_1608Metric (layer F.Cu) (tedit 5B301BBE) (tstamp 5E04034F)
    (at 107.01 80.94 180)
    (descr "Capacitor SMD 0603 (1608 Metric), square (rectangular) end terminal, IPC_7351 nominal, (Body size source: http://www.tortai-tech.com/upload/download/2011102023233369053.pdf), generated with kicad-footprint-generator")
    (tags capacitor)
    (path /5E05AFFC)
    (attr smd)
    (fp_text reference C3 (at 2.49 0.18) (layer F.SilkS)
      (effects (font (size 1 1) (thickness 0.1)))
    )
    (fp_text value 10u (at 2.16 0.02) (layer F.Fab)
      (effects (font (size 0.5 0.5) (thickness 0.05)))
    )
    (fp_line (start -0.8 0.4) (end -0.8 -0.4) (layer F.Fab) (width 0.1))
    (fp_line (start -0.8 -0.4) (end 0.8 -0.4) (layer F.Fab) (width 0.1))
    (fp_line (start 0.8 -0.4) (end 0.8 0.4) (layer F.Fab) (width 0.1))
    (fp_line (start 0.8 0.4) (end -0.8 0.4) (layer F.Fab) (width 0.1))
    (fp_line (start -0.162779 -0.51) (end 0.162779 -0.51) (layer F.SilkS) (width 0.12))
    (fp_line (start -0.162779 0.51) (end 0.162779 0.51) (layer F.SilkS) (width 0.12))
    (fp_line (start -1.48 0.73) (end -1.48 -0.73) (layer F.CrtYd) (width 0.05))
    (fp_line (start -1.48 -0.73) (end 1.48 -0.73) (layer F.CrtYd) (width 0.05))
    (fp_line (start 1.48 -0.73) (end 1.48 0.73) (layer F.CrtYd) (width 0.05))
    (fp_line (start 1.48 0.73) (end -1.48 0.73) (layer F.CrtYd) (width 0.05))
    (fp_text user %R (at 0 0) (layer F.Fab)
      (effects (font (size 0.4 0.4) (thickness 0.06)))
    )
    (pad 1 smd roundrect (at -0.7875 0 180) (size 0.875 0.95) (layers F.Cu F.Paste F.Mask) (roundrect_rratio 0.25)
      (net 4 /PMID))
    (pad 2 smd roundrect (at 0.7875 0 180) (size 0.875 0.95) (layers F.Cu F.Paste F.Mask) (roundrect_rratio 0.25)
      (net 1 GND))
    (model ${KISYS3DMOD}/Capacitor_SMD.3dshapes/C_0603_1608Metric.wrl
      (at (xyz 0 0 0))
      (scale (xyz 1 1 1))
      (rotate (xyz 0 0 0))
    )
  )

  (module Capacitor_SMD:C_0603_1608Metric (layer F.Cu) (tedit 5B301BBE) (tstamp 5E040360)
    (at 107.01 79.48 180)
    (descr "Capacitor SMD 0603 (1608 Metric), square (rectangular) end terminal, IPC_7351 nominal, (Body size source: http://www.tortai-tech.com/upload/download/2011102023233369053.pdf), generated with kicad-footprint-generator")
    (tags capacitor)
    (path /5E05B49C)
    (attr smd)
    (fp_text reference C4 (at 2.51 0.01) (layer F.SilkS)
      (effects (font (size 1 1) (thickness 0.1)))
    )
    (fp_text value 22u (at 2.34 0.02) (layer F.Fab)
      (effects (font (size 0.5 0.5) (thickness 0.05)))
    )
    (fp_text user %R (at 0 0) (layer F.Fab)
      (effects (font (size 0.4 0.4) (thickness 0.06)))
    )
    (fp_line (start 1.48 0.73) (end -1.48 0.73) (layer F.CrtYd) (width 0.05))
    (fp_line (start 1.48 -0.73) (end 1.48 0.73) (layer F.CrtYd) (width 0.05))
    (fp_line (start -1.48 -0.73) (end 1.48 -0.73) (layer F.CrtYd) (width 0.05))
    (fp_line (start -1.48 0.73) (end -1.48 -0.73) (layer F.CrtYd) (width 0.05))
    (fp_line (start -0.162779 0.51) (end 0.162779 0.51) (layer F.SilkS) (width 0.12))
    (fp_line (start -0.162779 -0.51) (end 0.162779 -0.51) (layer F.SilkS) (width 0.12))
    (fp_line (start 0.8 0.4) (end -0.8 0.4) (layer F.Fab) (width 0.1))
    (fp_line (start 0.8 -0.4) (end 0.8 0.4) (layer F.Fab) (width 0.1))
    (fp_line (start -0.8 -0.4) (end 0.8 -0.4) (layer F.Fab) (width 0.1))
    (fp_line (start -0.8 0.4) (end -0.8 -0.4) (layer F.Fab) (width 0.1))
    (pad 2 smd roundrect (at 0.7875 0 180) (size 0.875 0.95) (layers F.Cu F.Paste F.Mask) (roundrect_rratio 0.25)
      (net 1 GND))
    (pad 1 smd roundrect (at -0.7875 0 180) (size 0.875 0.95) (layers F.Cu F.Paste F.Mask) (roundrect_rratio 0.25)
      (net 4 /PMID))
    (model ${KISYS3DMOD}/Capacitor_SMD.3dshapes/C_0603_1608Metric.wrl
      (at (xyz 0 0 0))
      (scale (xyz 1 1 1))
      (rotate (xyz 0 0 0))
    )
  )

  (module Capacitor_SMD:C_0603_1608Metric (layer F.Cu) (tedit 5B301BBE) (tstamp 5E040371)
    (at 113.76 86.25)
    (descr "Capacitor SMD 0603 (1608 Metric), square (rectangular) end terminal, IPC_7351 nominal, (Body size source: http://www.tortai-tech.com/upload/download/2011102023233369053.pdf), generated with kicad-footprint-generator")
    (tags capacitor)
    (path /5E05F0FC)
    (attr smd)
    (fp_text reference C5 (at 0.7 -1.38) (layer F.SilkS)
      (effects (font (size 1 1) (thickness 0.1)))
    )
    (fp_text value 10u (at 2.22 0.01) (layer F.Fab)
      (effects (font (size 0.5 0.5) (thickness 0.05)))
    )
    (fp_line (start -0.8 0.4) (end -0.8 -0.4) (layer F.Fab) (width 0.1))
    (fp_line (start -0.8 -0.4) (end 0.8 -0.4) (layer F.Fab) (width 0.1))
    (fp_line (start 0.8 -0.4) (end 0.8 0.4) (layer F.Fab) (width 0.1))
    (fp_line (start 0.8 0.4) (end -0.8 0.4) (layer F.Fab) (width 0.1))
    (fp_line (start -0.162779 -0.51) (end 0.162779 -0.51) (layer F.SilkS) (width 0.12))
    (fp_line (start -0.162779 0.51) (end 0.162779 0.51) (layer F.SilkS) (width 0.12))
    (fp_line (start -1.48 0.73) (end -1.48 -0.73) (layer F.CrtYd) (width 0.05))
    (fp_line (start -1.48 -0.73) (end 1.48 -0.73) (layer F.CrtYd) (width 0.05))
    (fp_line (start 1.48 -0.73) (end 1.48 0.73) (layer F.CrtYd) (width 0.05))
    (fp_line (start 1.48 0.73) (end -1.48 0.73) (layer F.CrtYd) (width 0.05))
    (fp_text user %R (at 0 0) (layer F.Fab)
      (effects (font (size 0.4 0.4) (thickness 0.06)))
    )
    (pad 1 smd roundrect (at -0.7875 0) (size 0.875 0.95) (layers F.Cu F.Paste F.Mask) (roundrect_rratio 0.25)
      (net 5 /BATT+))
    (pad 2 smd roundrect (at 0.7875 0) (size 0.875 0.95) (layers F.Cu F.Paste F.Mask) (roundrect_rratio 0.25)
      (net 1 GND))
    (model ${KISYS3DMOD}/Capacitor_SMD.3dshapes/C_0603_1608Metric.wrl
      (at (xyz 0 0 0))
      (scale (xyz 1 1 1))
      (rotate (xyz 0 0 0))
    )
  )

  (module Capacitor_SMD:C_0603_1608Metric (layer F.Cu) (tedit 5B301BBE) (tstamp 5E040382)
    (at 113.17 83.03)
    (descr "Capacitor SMD 0603 (1608 Metric), square (rectangular) end terminal, IPC_7351 nominal, (Body size source: http://www.tortai-tech.com/upload/download/2011102023233369053.pdf), generated with kicad-footprint-generator")
    (tags capacitor)
    (path /5E082BE9)
    (attr smd)
    (fp_text reference C6 (at 0 -1.43) (layer F.SilkS)
      (effects (font (size 1 1) (thickness 0.1)))
    )
    (fp_text value 47n (at 2.15 0.08) (layer F.Fab)
      (effects (font (size 0.5 0.5) (thickness 0.05)))
    )
    (fp_line (start -0.8 0.4) (end -0.8 -0.4) (layer F.Fab) (width 0.1))
    (fp_line (start -0.8 -0.4) (end 0.8 -0.4) (layer F.Fab) (width 0.1))
    (fp_line (start 0.8 -0.4) (end 0.8 0.4) (layer F.Fab) (width 0.1))
    (fp_line (start 0.8 0.4) (end -0.8 0.4) (layer F.Fab) (width 0.1))
    (fp_line (start -0.162779 -0.51) (end 0.162779 -0.51) (layer F.SilkS) (width 0.12))
    (fp_line (start -0.162779 0.51) (end 0.162779 0.51) (layer F.SilkS) (width 0.12))
    (fp_line (start -1.48 0.73) (end -1.48 -0.73) (layer F.CrtYd) (width 0.05))
    (fp_line (start -1.48 -0.73) (end 1.48 -0.73) (layer F.CrtYd) (width 0.05))
    (fp_line (start 1.48 -0.73) (end 1.48 0.73) (layer F.CrtYd) (width 0.05))
    (fp_line (start 1.48 0.73) (end -1.48 0.73) (layer F.CrtYd) (width 0.05))
    (fp_text user %R (at 0 0) (layer F.Fab)
      (effects (font (size 0.4 0.4) (thickness 0.06)))
    )
    (pad 1 smd roundrect (at -0.7875 0) (size 0.875 0.95) (layers F.Cu F.Paste F.Mask) (roundrect_rratio 0.25)
      (net 6 /SW))
    (pad 2 smd roundrect (at 0.7875 0) (size 0.875 0.95) (layers F.Cu F.Paste F.Mask) (roundrect_rratio 0.25)
      (net 7 "Net-(C6-Pad2)"))
    (model ${KISYS3DMOD}/Capacitor_SMD.3dshapes/C_0603_1608Metric.wrl
      (at (xyz 0 0 0))
      (scale (xyz 1 1 1))
      (rotate (xyz 0 0 0))
    )
  )

  (module Capacitor_SMD:C_0603_1608Metric (layer F.Cu) (tedit 5B301BBE) (tstamp 5E040393)
    (at 104.32 101.84 180)
    (descr "Capacitor SMD 0603 (1608 Metric), square (rectangular) end terminal, IPC_7351 nominal, (Body size source: http://www.tortai-tech.com/upload/download/2011102023233369053.pdf), generated with kicad-footprint-generator")
    (tags capacitor)
    (path /5E071428)
    (attr smd)
    (fp_text reference C7 (at 2.38 -0.04) (layer F.SilkS)
      (effects (font (size 1 1) (thickness 0.1)))
    )
    (fp_text value 22u (at 2.35 -0.01) (layer F.Fab)
      (effects (font (size 0.5 0.5) (thickness 0.05)))
    )
    (fp_text user %R (at 0 0) (layer F.Fab)
      (effects (font (size 0.4 0.4) (thickness 0.06)))
    )
    (fp_line (start 1.48 0.73) (end -1.48 0.73) (layer F.CrtYd) (width 0.05))
    (fp_line (start 1.48 -0.73) (end 1.48 0.73) (layer F.CrtYd) (width 0.05))
    (fp_line (start -1.48 -0.73) (end 1.48 -0.73) (layer F.CrtYd) (width 0.05))
    (fp_line (start -1.48 0.73) (end -1.48 -0.73) (layer F.CrtYd) (width 0.05))
    (fp_line (start -0.162779 0.51) (end 0.162779 0.51) (layer F.SilkS) (width 0.12))
    (fp_line (start -0.162779 -0.51) (end 0.162779 -0.51) (layer F.SilkS) (width 0.12))
    (fp_line (start 0.8 0.4) (end -0.8 0.4) (layer F.Fab) (width 0.1))
    (fp_line (start 0.8 -0.4) (end 0.8 0.4) (layer F.Fab) (width 0.1))
    (fp_line (start -0.8 -0.4) (end 0.8 -0.4) (layer F.Fab) (width 0.1))
    (fp_line (start -0.8 0.4) (end -0.8 -0.4) (layer F.Fab) (width 0.1))
    (pad 2 smd roundrect (at 0.7875 0 180) (size 0.875 0.95) (layers F.Cu F.Paste F.Mask) (roundrect_rratio 0.25)
      (net 1 GND))
    (pad 1 smd roundrect (at -0.7875 0 180) (size 0.875 0.95) (layers F.Cu F.Paste F.Mask) (roundrect_rratio 0.25)
      (net 8 /OUT+))
    (model ${KISYS3DMOD}/Capacitor_SMD.3dshapes/C_0603_1608Metric.wrl
      (at (xyz 0 0 0))
      (scale (xyz 1 1 1))
      (rotate (xyz 0 0 0))
    )
  )

  (module Capacitor_SMD:C_0603_1608Metric (layer F.Cu) (tedit 5B301BBE) (tstamp 5E0403A4)
    (at 110 101.84)
    (descr "Capacitor SMD 0603 (1608 Metric), square (rectangular) end terminal, IPC_7351 nominal, (Body size source: http://www.tortai-tech.com/upload/download/2011102023233369053.pdf), generated with kicad-footprint-generator")
    (tags capacitor)
    (path /5E106915)
    (attr smd)
    (fp_text reference C8 (at 2.51 0.13) (layer F.SilkS)
      (effects (font (size 1 1) (thickness 0.1)))
    )
    (fp_text value 22u (at 2.31 0.05) (layer F.Fab)
      (effects (font (size 0.5 0.5) (thickness 0.05)))
    )
    (fp_line (start -0.8 0.4) (end -0.8 -0.4) (layer F.Fab) (width 0.1))
    (fp_line (start -0.8 -0.4) (end 0.8 -0.4) (layer F.Fab) (width 0.1))
    (fp_line (start 0.8 -0.4) (end 0.8 0.4) (layer F.Fab) (width 0.1))
    (fp_line (start 0.8 0.4) (end -0.8 0.4) (layer F.Fab) (width 0.1))
    (fp_line (start -0.162779 -0.51) (end 0.162779 -0.51) (layer F.SilkS) (width 0.12))
    (fp_line (start -0.162779 0.51) (end 0.162779 0.51) (layer F.SilkS) (width 0.12))
    (fp_line (start -1.48 0.73) (end -1.48 -0.73) (layer F.CrtYd) (width 0.05))
    (fp_line (start -1.48 -0.73) (end 1.48 -0.73) (layer F.CrtYd) (width 0.05))
    (fp_line (start 1.48 -0.73) (end 1.48 0.73) (layer F.CrtYd) (width 0.05))
    (fp_line (start 1.48 0.73) (end -1.48 0.73) (layer F.CrtYd) (width 0.05))
